0 0 0
0 0 156
0 0 219
0 29 0
0 31 49
0 40 89
0 52 59
0 77 153
0 89 216
0 100 59
0 105 5
0 158 124
0 172 198
0 198 31
0 211 255
0 218 186
0 223 223
0 240 52
0 253 207
1 130 70
5 0 82
7 165 239
8 8 8
8 77 94
10 137 149
12 17 7
15 40 35
17 19 24
26 8 0
31 31 31
33 63 105
36 15 19
36 102 161
38 38 38
40 0 65
42 98 86
45 0 33
45 31 105
45 36 36
45 45 45
47 31 0
47 38 63
47 52 21
47 59 66
49 8 0
49 66 54
52 52 52
52 77 0
54 21 255
54 54 156
56 165 35
59 59 59
63 47 28
63 128 110
65 0 70
65 26 52
66 66 66
68 0 119
68 29 24
70 89 112
70 93 51
70 158 93
73 59 61
73 73 73
73 116 138
75 58 119
75 65 1
75 77 80
75 114 0
75 137 181
79 42 0
79 68 91
79 94 255
79 188 186
80 8 0
82 31 100
82 79 59
82 82 82
82 195 114
84 51 75
86 100 100
87 1 33
87 1 170
87 135 89
89 93 0
91 79 168
91 91 91
91 114 181
91 138 51
93 61 40
93 144 255
98 51 56
98 59 114
98 117 96
98 158 153
99 99 99
100 116 56
103 89 130
105 0 247
105 29 28
105 86 93
105 175 133
106 106 106
107 0 79
107 29 147
107 130 130
107 235 130
109 79 0
110 116 137
112 100 66
112 172 80
113 113 113
114 255 255
116 59 100
116 160 221
117 40 73
117 43 1
117 158 184
117 188 253
119 184 0
121 121 121
121 204 219
121 216 170
123 72 84
124 79 58
124 126 0
126 0 135
126 68 151
126 107 253
126 110 188
126 142 119
128 0 209
128 128 128
128 156 3
130 0 12
130 105 28
133 112 103
135 96 126
135 100 158
135 135 135
137 1 61
138 145 195
140 59 255
142 54 47
142 82 196
142 126 142
142 140 137
142 170 154
142 214 49
144 144 144
144 147 75
145 209 133
147 198 191
149 130 93
149 158 165
149 158 253
149 179 121
151 230 214
151 255 0
153 68 135
154 66 91
154 70 0
154 228 255
155 155 155
156 82 56
156 184 68
156 186 209
156 255 207
158 0 117
158 0 191
158 107 59
160 96 98
161 126 255
163 123 179
163 124 0
163 149 5
164 164 164
165 33 1
167 84 184
167 160 128
170 91 130
170 124 116
170 147 175
172 147 214
172 172 172
174 170 200
175 147 151
177 94 0
179 0 52
179 1 93
179 100 235
179 179 179
179 255 168
182 202 147
184 8 249
184 177 182
184 189 172
184 218 223
186 123 49
186 211 255
188 182 255
188 221 123
188 228 0
189 138 100
189 189 189
191 3 184
191 56 131
191 84 68
193 65 0
193 114 135
195 161 54
195 193 93
196 196 196
200 96 177
200 195 0
200 255 249
202 205 218
202 255 107
205 114 77
205 163 205
205 205 205
209 147 255
211 45 65
212 130 212
213 213 213
214 0 0
214 82 110
216 102 0
216 138 177
216 163 98
216 195 130
216 221 212
218 0 170
218 191 212
219 179 175
219 226 165
219 239 255
223 87 255
226 226 70
228 8 230
228 72 156
230 84 66
230 175 0
235 0 119
244 161 212
249 158 119
255 255 0
250 250 250
253 3 202
253 165 255
255 38 70
255 70 0
255 93 147
255 151 170
255 165 47
255 218 142